L1001 14 1 0.783139
L1001 14 2 2.0151
L1001 14 3 6.92176
L1001 14 4 6.90838
L1001 14 5 8.2507
L1002 14 1 0.922107
L1002 14 2 1.34407
L1002 14 3 5.63065
L1002 14 4 4.96002
L1002 14 5 7.67626
L1003 14 1 0.372983
L1003 14 2 1.62634
L1003 14 3 5.27541
L1003 14 4 8.17326
L1003 14 5 4.41544
L1004 14 1 0.367098
L1004 14 2 5.36955
L1004 14 3 6.92351
L1004 14 4 6.53591
L1004 14 5 6.24022
L1005 14 1 1.18265
L1005 14 2 2.08076
L1005 14 3 3.68962
L1005 14 4 6.44002
L1005 14 5 6.99347
L1006 14 1 0.419094
L1006 14 2 5.426
L1006 14 3 7.58257
L1006 14 4 7.91945
L1006 14 5 5.05206
L1007 14 1 0.224151
L1007 14 2 5.22252
L1007 14 3 4.26697
L1007 14 4 5.02692
L1007 14 5 7.25451
L1008 14 1 0.270723
L1008 14 2 4.16788
L1008 14 3 4.87286
L1008 14 4 1.82218
L1008 14 5 5.2303
L1009 14 1 0.14636
L1009 14 2 7.51048
L1009 14 3 5.16148
L1009 14 4 5.06791
L1009 14 5 5.07116
L1010 14 1 0.361904
L1010 14 2 0.457956
L1010 14 3 3.21717
L1010 14 4 3.50196
L1010 14 5 4.32635
L1011 14 1 0.511047
L1011 14 2 2.04032
L1011 14 3 2.82318
L1011 14 4 4.29691
L1011 14 5 2.0824
L1012 14 1 1.77126
L1012 14 2 4.25641
L1012 14 3 5.43892
L1012 14 4 7.84193
L1012 14 5 7.15402
L1013 14 1 0.773249
L1013 14 2 3.4334
L1013 14 3 1.97903
L1013 14 4 3.5941
L1013 14 5 4.93217
L1014 14 1 0.551506
L1014 14 2 2.4204
L1014 14 3 3.16396
L1014 14 4 3.94889
L1014 14 5 4.15779
L1015 14 1 0.212835
L1015 14 2 1.79378
L1015 14 3 4.15588
L1015 14 4 8.32231
L1015 14 5 7.8988
L1016 14 1 0.379051
L1016 14 2 2.39136
L1016 14 3 4.05164
L1016 14 4 2.27787
L1016 14 5 3.91921
L1017 14 1 0.576883
L1017 14 2 2.06801
L1017 14 3 2.5192
L1017 14 4 5.98749
L1017 14 5 3.08477
