L1001 14 1 0.766232
L1001 14 2 0.494107
L1001 14 3 0.232428
L1001 14 4 0.258246
L1001 14 5 0.538054
L1002 14 1 0.876661
L1002 14 2 0.859367
L1002 14 3 0.396986
L1002 14 4 0.434776
L1002 14 5 0.242543
L1003 14 1 0.913094
L1003 14 2 0.678885
L1003 14 3 0.406947
L1003 14 4 0.322322
L1003 14 5 0.410174
L1004 14 1 0.888602
L1004 14 2 0.381498
L1004 14 3 0.375140
L1004 14 4 0.301739
L1004 14 5 0.327884
L1005 14 1 0.594041
L1005 14 2 0.559373
L1005 14 3 0.405962
L1005 14 4 0.250325
L1005 14 5 0.408777
L1006 14 1 0.872164
L1006 14 2 0.464762
L1006 14 3 0.319011
L1006 14 4 0.250869
L1006 14 5 0.401552
L1007 14 1 0.947033
L1007 14 2 0.473991
L1007 14 3 0.389876
L1007 14 4 0.492036
L1007 14 5 0.513891
L1008 14 1 0.943764
L1008 14 2 0.483290
L1008 14 3 0.497639
L1008 14 4 0.547825
L1008 14 5 0.403533
L1009 14 1 0.972149
L1009 14 2 0.328693
L1009 14 3 0.372403
L1009 14 4 0.510729
L1009 14 5 0.351046
L1010 14 1 0.892668
L1010 14 2 0.850182
L1010 14 3 0.686260
L1010 14 4 0.420670
L1010 14 5 0.278399
L1011 14 1 0.827241
L1011 14 2 0.706946
L1011 14 3 0.393200
L1011 14 4 0.573541
L1011 14 5 0.495107
L1012 14 1 0.653265
L1012 14 2 0.368507
L1012 14 3 0.379997
L1012 14 4 0.285164
L1012 14 5 0.338038
L1013 14 1 0.746778
L1013 14 2 0.375021
L1013 14 3 0.536302
L1013 14 4 0.533590
L1013 14 5 0.305339
L1014 14 1 0.832733
L1014 14 2 0.574248
L1014 14 3 0.615031
L1014 14 4 0.317987
L1014 14 5 0.287086
L1015 14 1 0.948972
L1015 14 2 0.619828
L1015 14 3 0.493356
L1015 14 4 0.269571
L1015 14 5 0.287675
L1016 14 1 0.896355
L1016 14 2 0.381640
L1016 14 3 0.616782
L1016 14 4 0.696765
L1016 14 5 0.399029
L1017 14 1 0.783369
L1017 14 2 0.554357
L1017 14 3 0.701841
L1017 14 4 0.269381
L1017 14 5 0.374092
