L1001 47 1 2.18315
L1001 47 2 0.54675
L1001 47 3 2.4244
L1001 47 4 8.34558
L1001 47 5 7.94816
L1002 47 1 0.902394
L1002 47 2 2.37089
L1002 47 3 2.39774
L1002 47 4 8.78556
L1002 47 5 6.73185
L1003 47 1 0.333557
L1003 47 2 1.94328
L1003 47 3 5.77045
L1003 47 4 2.66355
L1003 47 5 5.39594
L1004 47 1 0.366058
L1004 47 2 1.97918
L1004 47 3 6.80781
L1004 47 4 6.49652
L1004 47 5 6.35905
L1005 47 1 0.672296
L1005 47 2 4.43163
L1005 47 3 3.53338
L1005 47 4 7.51549
L1005 47 5 2.38469
L1006 47 1 0.432569
L1006 47 2 2.53805
L1006 47 3 6.3973
L1006 47 4 7.70932
L1006 47 5 4.9428
L1007 47 1 0.219156
L1007 47 2 2.29779
L1007 47 3 7.18102
L1007 47 4 5.62869
L1007 47 5 5.02955
L1008 47 1 0.30235
L1008 47 2 2.3071
L1008 47 3 1.74384
L1008 47 4 5.79086
L1008 47 5 7.02976
L1009 47 1 0.233926
L1009 47 2 2.61741
L1009 47 3 3.21526
L1009 47 4 2.69223
L1009 47 5 1.73758
L1010 47 1 0.36126
L1010 47 2 3.22464
L1010 47 3 1.35469
L1010 47 4 3.46557
L1010 47 5 6.45529
L1011 47 1 0.394584
L1011 47 2 1.2528
L1011 47 3 2.32155
L1011 47 4 2.9988
L1011 47 5 7.41782
L1012 47 1 4.85843
L1012 47 2 0.413565
L1012 47 3 7.45192
L1012 47 4 6.77767
L1012 47 5 5.75961
L1013 47 1 0.831366
L1013 47 2 3.80013
L1013 47 3 6.53167
L1013 47 4 3.56629
L1013 47 5 6.88543
L1014 47 1 0.418269
L1014 47 2 2.42609
L1014 47 3 3.17571
L1014 47 4 6.3353
L1014 47 5 6.33622
L1015 47 1 0.368626
L1015 47 2 5.50948
L1015 47 3 7.32744
L1015 47 4 7.29145
L1015 47 5 1.75023
L1016 47 1 0.319919
L1016 47 2 7.52943
L1016 47 3 1.01781
L1016 47 4 4.02565
L1016 47 5 1.9107
L1017 47 1 0.844555
L1017 47 2 0.744223
L1017 47 3 2.04749
L1017 47 4 3.48488
L1017 47 5 2.25121
