L1001 47 1 0.710190
L1001 47 2 0.814375
L1001 47 3 0.510460
L1001 47 4 0.457815
L1001 47 5 0.390813
L1002 47 1 0.850269
L1002 47 2 0.455726
L1002 47 3 0.518750
L1002 47 4 0.287840
L1002 47 5 0.288844
L1003 47 1 0.922860
L1003 47 2 0.638796
L1003 47 3 0.582271
L1003 47 4 0.693316
L1003 47 5 0.332291
L1004 47 1 0.888230
L1004 47 2 0.776317
L1004 47 3 0.435026
L1004 47 4 0.385631
L1004 47 5 0.256593
L1005 47 1 0.849439
L1005 47 2 0.331019
L1005 47 3 0.461816
L1005 47 4 0.288840
L1005 47 5 0.760358
L1006 47 1 0.864827
L1006 47 2 0.648243
L1006 47 3 0.221552
L1006 47 4 0.288238
L1006 47 5 0.404174
L1007 47 1 0.951486
L1007 47 2 0.725874
L1007 47 3 0.403437
L1007 47 4 0.385726
L1007 47 5 0.507496
L1008 47 1 0.933461
L1008 47 2 0.683713
L1008 47 3 0.531331
L1008 47 4 0.326320
L1008 47 5 0.336924
L1009 47 1 0.944368
L1009 47 2 0.597466
L1009 47 3 0.610315
L1009 47 4 0.642973
L1009 47 5 0.539936
L1010 47 1 0.891937
L1010 47 2 0.671444
L1010 47 3 0.464850
L1010 47 4 0.367597
L1010 47 5 0.225280
L1011 47 1 0.884078
L1011 47 2 0.523472
L1011 47 3 0.647333
L1011 47 4 0.395511
L1011 47 5 0.482256
L1012 47 1 0.406551
L1012 47 2 0.865044
L1012 47 3 0.288697
L1012 47 4 0.289745
L1012 47 5 0.375699
L1013 47 1 0.736652
L1013 47 2 0.385031
L1013 47 3 0.393288
L1013 47 4 0.554251
L1013 47 5 0.262769
L1014 47 1 0.886213
L1014 47 2 0.568183
L1014 47 3 0.628315
L1014 47 4 0.486890
L1014 47 5 0.429667
L1015 47 1 0.885328
L1015 47 2 0.345145
L1015 47 3 0.356433
L1015 47 4 0.412586
L1015 47 5 0.675117
L1016 47 1 0.913550
L1016 47 2 0.542907
L1016 47 3 0.678276
L1016 47 4 0.631776
L1016 47 5 0.579955
L1017 47 1 0.817777
L1017 47 2 0.863595
L1017 47 3 0.546907
L1017 47 4 0.385517
L1017 47 5 0.738832
