
L1001 -8.137 -8.861 -8.858 -9.316 -8.740 -9.088 -8.986 -8.633 -8.256 -8.313 -8.074 -8.884 -8.615 -8.756 -8.885 -8.113 -8.894 -8.878 -8.573 -8.223 -8.163 -7.874 -7.912 -8.567 -8.272 -8.699 -8.243 -8.743 -8.743 -8.453 -7.851 -7.851 -7.592
L1002 -9.066 -8.134 -8.600 -8.597 -9.694 -9.487 -9.699 -9.609 -8.189 -8.679 -8.641 -9.579 -9.345 -9.390 -9.549 -10.449 -10.035 -10.253 -10.687 -8.869 -9.258 -9.460 -8.915 -8.537 -8.990 -8.871 -9.441 -9.263 -9.426 -9.450 -8.310 -8.884 -8.522
L1003 -9.029 -7.929 -9.822 -9.014 -8.889 -8.715 -8.740 -8.749 -8.835 -9.010 -8.086 -7.830 -7.550 -8.138 -7.827 -8.176 -8.197 -8.076 -7.766 -7.899 -7.866 -7.700 -9.501 -8.599 -9.604 -9.244 -8.998 -8.838 -8.710 -8.543 -8.399 -8.756 -8.199
L1004 -7.863 -8.967 -8.231 -9.393 -9.021 -8.648 -8.634 -9.463 -9.155 -8.355 -7.944 -9.171 -8.941 -8.629 -9.157 -8.739 -8.515 -8.674 -8.754 -8.769 -8.932 -8.635 -8.291 -8.903 -9.290 -9.554 -9.119 -8.631 -8.618 -9.379 -9.249 -8.266 -8.072
L1005 -8.706 -7.961 -8.637 -8.587 -8.110 -8.105 -8.160 -8.446 -8.012 -7.931 -7.895 -8.403 -8.240 -8.470 -8.401 -7.371 -7.707 -7.542 -8.629 -8.184 -7.442 -7.267 -7.940 -8.007 -8.625 -8.276 -7.550 -7.851 -7.818 -8.323 -7.883 -7.154 -7.337
L1006 -8.796 -8.895 -8.737 -9.680 -9.545 -9.646 -9.744 -9.226 -9.503 -9.479 -8.687 -10.256 -9.923 -9.942 -10.179 -10.014 -9.853 -9.826 -9.788 -9.821 -9.942 -9.941 -8.396 -8.915 -8.641 -9.853 -9.434 -9.154 -9.256 -9.150 -9.241 -9.074 -8.669
L1007 -7.517 -8.638 -8.295 -9.200 -8.676 -8.399 -8.480 -8.513 -9.059 -8.036 -7.784 -8.826 -8.726 -8.251 -8.821 -8.753 -8.346 -8.389 -8.424 -8.620 -8.542 -8.383 -8.054 -9.253 -8.924 -9.544 -8.739 -8.433 -8.486 -8.712 -9.233 -8.222 -7.860
L1008 -7.717 -9.263 -8.936 -10.420 -9.851 -9.720 -9.023 -9.592 -10.229 -9.351 -9.123 -9.941 -8.681 -8.642 -9.945 -9.393 -9.219 -8.640 -9.184 -9.680 -8.667 -8.815 -8.517 -9.623 -9.411 -10.570 -9.927 -9.741 -9.694 -10.023 -10.393 -9.194 -8.999
L1009 -8.209 -8.296 -9.007 -9.384 -8.834 -8.705 -8.755 -9.313 -9.039 -8.506 -8.220 -8.941 -8.694 -8.742 -8.906 -8.569 -8.605 -8.573 -8.991 -8.877 -8.710 -8.296 -8.562 -8.751 -9.561 -9.591 -8.907 -8.719 -8.721 -9.386 -9.438 -8.609 -8.299
L1010 -8.075 -7.707 -7.708 -8.295 -7.596 -7.737 -7.757 -7.997 -8.153 -7.276 -7.058 -7.179 -6.845 -7.167 -7.185 -6.560 -6.712 -6.454 -7.246 -7.164 -6.702 -6.700 -8.408 -7.711 -7.843 -7.975 -7.335 -7.585 -7.533 -7.950 -7.647 -6.819 -6.696
L1011 -8.006 -8.449 -9.102 -8.904 -8.310 -8.388 -8.516 -9.208 -7.675 -8.083 -8.226 -7.766 -8.243 -8.791 -7.948 -7.684 -7.651 -7.639 -8.944 -7.887 -7.922 -7.292 -7.781 -8.096 -8.684 -8.221 -7.574 -7.900 -8.028 -8.801 -7.594 -7.568 -7.498
L1012 -8.616 -7.772 -9.138 -8.579 -8.843 -8.439 -8.596 -8.644 -8.675 -8.288 -8.668 -9.063 -8.691 -8.990 -8.406 -8.589 -8.525 -8.540 -8.291 -8.462 -8.983 -8.624 -8.199 -7.641 -8.864 -7.932 -8.415 -8.027 -8.147 -7.891 -7.811 -7.612 -7.784
L1013 -7.830 -7.625 -8.250 -8.255 -8.082 -7.939 -8.056 -8.576 -8.009 -7.995 -7.831 -7.667 -7.671 -7.863 -7.423 -7.067 -7.371 -7.386 -8.124 -7.607 -7.316 -6.984 -7.630 -7.517 -7.624 -7.614 -7.089 -7.334 -7.423 -8.136 -7.567 -7.048 -6.782
L1014 -7.708 -7.490 -7.638 -8.337 -7.521 -7.642 -7.717 -7.650 -8.246 -7.390 -7.087 -7.520 -6.872 -7.567 -7.364 -6.688 -6.707 -6.679 -7.104 -7.390 -6.891 -6.275 -7.899 -7.555 -7.450 -7.958 -7.089 -7.390 -7.399 -7.600 -7.849 -6.696 -6.574
L1015 -9.278 -7.951 -9.820 -8.922 -9.200 -8.598 -8.789 -8.884 -9.128 -9.178 -8.863 -8.760 -8.511 -9.804 -8.651 -8.777 -8.546 -8.458 -8.694 -8.641 -9.439 -8.242 -8.856 -7.990 -9.614 -8.350 -8.866 -8.532 -8.615 -8.434 -8.100 -8.646 -7.921
L1016 -8.389 -8.855 -9.245 -9.196 -8.672 -8.784 -8.912 -9.608 -8.173 -8.451 -8.427 -8.056 -7.882 -8.671 -7.855 -7.551 -7.752 -7.712 -8.263 -6.874 -7.957 -7.616 -8.370 -7.903 -8.441 -8.159 -7.855 -8.045 -8.076 -8.718 -7.367 -7.789 -7.781