L1001 40 1 1.20707
L1001 40 2 2.2231
L1001 40 3 2.50306
L1001 40 4 1.9725
L1001 40 5 2.28751
L1002 40 1 0.795871
L1002 40 2 2.33029
L1002 40 3 1.84762
L1002 40 4 5.50451
L1002 40 5 8.11965
L1003 40 1 0.346466
L1003 40 2 2.87811
L1003 40 3 4.8688
L1003 40 4 5.42609
L1003 40 5 5.1742
L1004 40 1 0.252838
L1004 40 2 2.00511
L1004 40 3 6.51356
L1004 40 4 7.06004
L1004 40 5 6.94736
L1005 40 1 0.670747
L1005 40 2 4.38611
L1005 40 3 2.47145
L1005 40 4 3.63149
L1005 40 5 2.10322
L1006 40 1 0.495881
L1006 40 2 2.49837
L1006 40 3 2.98007
L1006 40 4 2.97387
L1006 40 5 6.38848
L1007 40 1 0.164496
L1007 40 2 2.44756
L1007 40 3 4.37108
L1007 40 4 4.98673
L1007 40 5 4.84668
L1008 40 1 0.282381
L1008 40 2 2.39755
L1008 40 3 4.16483
L1008 40 4 1.94009
L1008 40 5 4.89559
L1009 40 1 0.203051
L1009 40 2 3.2066
L1009 40 3 2.62889
L1009 40 4 2.73684
L1009 40 5 2.11713
L1010 40 1 0.292348
L1010 40 2 3.22894
L1010 40 3 3.15604
L1010 40 4 3.81655
L1010 40 5 4.59147
L1011 40 1 0.455086
L1011 40 2 1.85646
L1011 40 3 4.06383
L1011 40 4 4.2248
L1011 40 5 2.11716
L1012 40 1 0.425286
L1012 40 2 4.7732
L1012 40 3 1.72312
L1012 40 4 3.16796
L1012 40 5 7.53715
L1013 40 1 0.935103
L1013 40 2 3.63422
L1013 40 3 3.55058
L1013 40 4 4.8611
L1013 40 5 2.5295
L1014 40 1 0.866358
L1014 40 2 2.51399
L1014 40 3 3.37704
L1014 40 4 4.20316
L1014 40 5 4.20087
L1015 40 1 0.329592
L1015 40 2 1.62872
L1015 40 3 4.79028
L1015 40 4 3.05206
L1015 40 5 5.44583
L1016 40 1 0.371093
L1016 40 2 2.03941
L1016 40 3 3.81591
L1016 40 4 3.99597
L1016 40 5 4.01923
L1017 40 1 0.258025
L1017 40 2 2.36915
L1017 40 3 3.58515
L1017 40 4 2.00225
L1017 40 5 7.18362
