L1001 40 1 0.779431
L1001 40 2 0.721544
L1001 40 3 0.585343
L1001 40 4 0.519195
L1001 40 5 0.732287
L1002 40 1 0.813910
L1002 40 2 0.443960
L1002 40 3 0.571332
L1002 40 4 0.327534
L1002 40 5 0.345129
L1003 40 1 0.930724
L1003 40 2 0.655557
L1003 40 3 0.411329
L1003 40 4 0.353269
L1003 40 5 0.401174
L1004 40 1 0.934041
L1004 40 2 0.794692
L1004 40 3 0.377885
L1004 40 4 0.385095
L1004 40 5 0.360919
L1005 40 1 0.834988
L1005 40 2 0.338840
L1005 40 3 0.741179
L1005 40 4 0.371536
L1005 40 5 0.598778
L1006 40 1 0.836978
L1006 40 2 0.664781
L1006 40 3 0.455185
L1006 40 4 0.418370
L1006 40 5 0.221669
L1007 40 1 0.966061
L1007 40 2 0.729160
L1007 40 3 0.499842
L1007 40 4 0.495493
L1007 40 5 0.451687
L1008 40 1 0.939716
L1008 40 2 0.753815
L1008 40 3 0.500130
L1008 40 4 0.533593
L1008 40 5 0.497413
L1009 40 1 0.954749
L1009 40 2 0.627947
L1009 40 3 0.607175
L1009 40 4 0.645229
L1009 40 5 0.453184
L1010 40 1 0.916944
L1010 40 2 0.680289
L1010 40 3 0.415606
L1010 40 4 0.355752
L1010 40 5 0.272871
L1011 40 1 0.858307
L1011 40 2 0.767813
L1011 40 3 0.329682
L1011 40 4 0.601194
L1011 40 5 0.587156
L1012 40 1 0.873512
L1012 40 2 0.410487
L1012 40 3 0.416327
L1012 40 4 0.633948
L1012 40 5 0.343869
L1013 40 1 0.704721
L1013 40 2 0.393999
L1013 40 3 0.566357
L1013 40 4 0.294149
L1013 40 5 0.573275
L1014 40 1 0.723270
L1014 40 2 0.511272
L1014 40 3 0.640498
L1014 40 4 0.288038
L1014 40 5 0.301941
L1015 40 1 0.907802
L1015 40 2 0.690523
L1015 40 3 0.409887
L1015 40 4 0.650198
L1015 40 5 0.354430
L1016 40 1 0.900562
L1016 40 2 0.795796
L1016 40 3 0.435881
L1016 40 4 0.641990
L1016 40 5 0.312055
L1017 40 1 0.932236
L1017 40 2 0.780472
L1017 40 3 0.358258
L1017 40 4 0.568751
L1017 40 5 0.274855
