L1001 -8.138 -8.859 -8.861 -7.487 -8.439 -8.655 -8.488 -8.615 -8.689
L1002 -9.063 -8.154 -8.579 -8.731 -8.545 -8.696 -9.173 -9.579 -9.391
L1003 -9.029 -7.872 -9.821 -8.822 -8.206 -9.964 -8.139 -7.550 -8.136
L1004 -7.867 -8.967 -8.231 -7.672 -8.617 -8.463 -8.190 -8.918 -8.641
L1005 -8.705 -7.964 -8.641 -8.046 -7.999 -8.964 -8.134 -8.206 -8.470
L1006 -8.804 -8.898 -8.737 -8.128 -8.955 -8.590 -9.136 -9.906 -9.957
L1007 -7.519 -8.635 -8.295 -7.622 -9.168 -8.056 -7.424 -8.759 -8.249
L1008 -7.718 -9.267 -8.935 -8.064 -9.402 -8.647 -8.147 -8.665 -8.650
L1009 -8.209 -8.301 -9.007 -8.119 -8.357 -8.968 -8.493 -8.699 -8.747
L1010 -8.084 -7.704 -7.712 -8.043 -7.450 -7.744 -7.446 -6.863 -7.208
L1011 -8.004 -8.449 -9.104 -7.535 -7.948 -8.681 -7.754 -8.235 -8.793
L1012 -8.616 -7.786 -9.138 -8.425 -7.551 -9.042 -8.979 -8.691 -8.748
L1013 -7.829 -7.630 -8.247 -7.532 -7.434 -7.695 -7.638 -7.671 -7.864
L1014 -7.703 -7.490 -7.637 -7.503 -7.231 -7.386 -7.527 -6.873 -7.560
L1015 -9.280 -7.811 -9.818 -8.743 -7.977 -9.740 -8.760 -8.510 -9.804
L1016 -8.385 -8.852 -9.246 -8.065 -8.238 -8.195 -8.053 -7.945 -8.666
L1017 -7.926 -8.241 -8.723 -7.605 -8.068 -8.696 -8.445 -8.582 -9.103
