L1001 10 1 1.20945
L1001 10 2 2.15626
L1001 10 3 1.98328
L1001 10 4 2.52648
L1001 10 5 3.47747
L1002 10 1 0.763496
L1002 10 2 2.24743
L1002 10 3 2.32404
L1002 10 4 1.71331
L1002 10 5 5.56537
L1003 10 1 0.349548
L1003 10 2 1.64964
L1003 10 3 2.90296
L1003 10 4 5.1458
L1003 10 5 4.99715
L1004 10 1 0.271254
L1004 10 2 1.98719
L1004 10 3 6.48218
L1004 10 4 6.79742
L1004 10 5 5.39813
L1005 10 1 0.696035
L1005 10 2 4.36037
L1005 10 3 2.40136
L1005 10 4 3.66959
L1005 10 5 4.24339
L1006 10 1 0.485722
L1006 10 2 2.51602
L1006 10 3 4.62349
L1006 10 4 4.91853
L1006 10 5 4.8118
L1007 10 1 0.223207
L1007 10 2 2.42709
L1007 10 3 4.34248
L1007 10 4 4.98743
L1007 10 5 4.8289
L1008 10 1 0.415341
L1008 10 2 2.35985
L1008 10 3 4.20222
L1008 10 4 1.87284
L1008 10 5 5.23804
L1009 10 1 0.230643
L1009 10 2 3.24116
L1009 10 3 2.66105
L1009 10 4 2.66395
L1009 10 5 5.42227
L1010 10 1 0.324911
L1010 10 2 3.22085
L1010 10 3 3.30711
L1010 10 4 4.70403
L1010 10 5 1.85109
L1011 10 1 0.322138
L1011 10 2 0.902286
L1011 10 3 4.07693
L1011 10 4 2.01273
L1011 10 5 2.30283
L1012 10 1 7.35635
L1012 10 2 5.06026
L1012 10 3 6.85143
L1012 10 4 0.74673
L1012 10 5 5.62934
L1013 10 1 1.16185
L1013 10 2 3.31478
L1013 10 3 3.84598
L1013 10 4 2.52498
L1013 10 5 7.33587
L1014 10 1 1.02047
L1014 10 2 2.48032
L1014 10 3 3.34674
L1014 10 4 3.91866
L1014 10 5 4.25603
L1015 10 1 0.790542
L1015 10 2 1.7641
L1015 10 3 7.55847
L1015 10 4 5.48796
L1015 10 5 3.04839
L1016 10 1 0.273759
L1016 10 2 7.56508
L1016 10 3 1.2934
L1016 10 4 1.8427
L1016 10 5 3.80107
L1017 10 1 0.292191
L1017 10 2 0.797501
L1017 10 3 2.23772
L1017 10 4 4.165
L1017 10 5 2.00838
