L1001 10 1 0.782277
L1001 10 2 0.718325
L1001 10 3 0.509708
L1001 10 4 0.588795
L1001 10 5 0.373914
L1002 10 1 0.819013
L1002 10 2 0.604012
L1002 10 3 0.454796
L1002 10 4 0.591701
L1002 10 5 0.336067
L1003 10 1 0.926337
L1003 10 2 0.661445
L1003 10 3 0.656015
L1003 10 4 0.404187
L1003 10 5 0.377573
L1004 10 1 0.926892
L1004 10 2 0.795301
L1004 10 3 0.374602
L1004 10 4 0.316849
L1004 10 5 0.380712
L1005 10 1 0.831110
L1005 10 2 0.343103
L1005 10 3 0.772257
L1005 10 4 0.372631
L1005 10 5 0.619355
L1006 10 1 0.843019
L1006 10 2 0.630409
L1006 10 3 0.377970
L1006 10 4 0.419859
L1006 10 5 0.406017
L1007 10 1 0.946501
L1007 10 2 0.729983
L1007 10 3 0.480760
L1007 10 4 0.475621
L1007 10 5 0.456750
L1008 10 1 0.893695
L1008 10 2 0.729665
L1008 10 3 0.493827
L1008 10 4 0.526624
L1008 10 5 0.447768
L1009 10 1 0.944920
L1009 10 2 0.639146
L1009 10 3 0.610990
L1009 10 4 0.651687
L1009 10 5 0.326206
L1010 10 1 0.911734
L1010 10 2 0.677359
L1010 10 3 0.406249
L1010 10 4 0.260105
L1010 10 5 0.385490
L1011 10 1 0.911789
L1011 10 2 0.850235
L1011 10 3 0.350285
L1011 10 4 0.411545
L1011 10 5 0.707761
L1012 10 1 0.329890
L1012 10 2 0.382113
L1012 10 3 0.341487
L1012 10 4 0.900759
L1012 10 5 0.380487
L1013 10 1 0.632014
L1013 10 2 0.415947
L1013 10 3 0.374243
L1013 10 4 0.565420
L1013 10 5 0.502513
L1014 10 1 0.667076
L1014 10 2 0.528540
L1014 10 3 0.581174
L1014 10 4 0.441101
L1014 10 5 0.287940
L1015 10 1 0.836244
L1015 10 2 0.660932
L1015 10 3 0.347602
L1015 10 4 0.355453
L1015 10 5 0.642653
L1016 10 1 0.928476
L1016 10 2 0.530006
L1016 10 3 0.845904
L1016 10 4 0.821849
L1016 10 5 0.461608
L1017 10 1 0.922503
L1017 10 2 0.857378
L1017 10 3 0.730974
L1017 10 4 0.340503
L1017 10 5 0.559118
