L1001 45 1 1.24151
L1001 45 2 2.23984
L1001 45 3 1.98794
L1001 45 4 8.35158
L1001 45 5 2.54245
L1002 45 1 0.911215
L1002 45 2 2.36406
L1002 45 3 2.47539
L1002 45 4 8.75594
L1002 45 5 5.55484
L1003 45 1 0.344337
L1003 45 2 2.88362
L1003 45 3 5.11204
L1003 45 4 6.0829
L1003 45 5 2.11844
L1004 45 1 0.301562
L1004 45 2 1.98336
L1004 45 3 7.09159
L1004 45 4 5.38527
L1004 45 5 6.57548
L1005 45 1 0.70549
L1005 45 2 1.08488
L1005 45 3 4.43304
L1005 45 4 2.01155
L1005 45 5 1.94441
L1006 45 1 0.482644
L1006 45 2 2.54146
L1006 45 3 2.78224
L1006 45 4 8.26555
L1006 45 5 6.41578
L1007 45 1 0.222074
L1007 45 2 2.34045
L1007 45 3 7.18643
L1007 45 4 4.34383
L1007 45 5 7.95863
L1008 45 1 0.285663
L1008 45 2 2.3131
L1008 45 3 1.66418
L1008 45 4 7.53372
L1008 45 5 8.4668
L1009 45 1 0.380391
L1009 45 2 3.20472
L1009 45 3 2.61095
L1009 45 4 2.75936
L1009 45 5 2.21559
L1010 45 1 0.357413
L1010 45 2 3.22655
L1010 45 3 3.1844
L1010 45 4 3.87181
L1010 45 5 6.54041
L1011 45 1 0.478743
L1011 45 2 1.74998
L1011 45 3 4.23989
L1011 45 4 2.14685
L1011 45 5 3.92522
L1012 45 1 0.448276
L1012 45 2 4.90083
L1012 45 3 7.47298
L1012 45 4 7.30309
L1012 45 5 7.55132
L1013 45 1 1.2355
L1013 45 2 1.61649
L1013 45 3 3.78878
L1013 45 4 3.5667
L1013 45 5 3.5296
L1014 45 1 0.513695
L1014 45 2 2.4451
L1014 45 3 3.35819
L1014 45 4 6.34126
L1014 45 5 3.9704
L1015 45 1 0.346197
L1015 45 2 1.56387
L1015 45 3 7.21564
L1015 45 4 3.05098
L1015 45 5 4.72319
L1016 45 1 0.372523
L1016 45 2 0.945282
L1016 45 3 3.99757
L1016 45 4 1.81703
L1016 45 5 3.75032
L1017 45 1 0.435733
L1017 45 2 2.01326
L1017 45 3 2.19683
L1017 45 4 3.49451
L1017 45 5 3.64473
