L1001 45 1 0.748048
L1001 45 2 0.714479
L1001 45 3 0.510771
L1001 45 4 0.451174
L1001 45 5 0.544031
L1002 45 1 0.819599
L1002 45 2 0.512777
L1002 45 3 0.430009
L1002 45 4 0.287830
L1002 45 5 0.334592
L1003 45 1 0.926434
L1003 45 2 0.653202
L1003 45 3 0.408304
L1003 45 4 0.423536
L1003 45 5 0.636375
L1004 45 1 0.913135
L1004 45 2 0.787369
L1004 45 3 0.236599
L1004 45 4 0.387531
L1004 45 5 0.257280
L1005 45 1 0.824789
L1005 45 2 0.794642
L1005 45 3 0.330324
L1005 45 4 0.544713
L1005 45 5 0.753483
L1006 45 1 0.839667
L1006 45 2 0.642747
L1006 45 3 0.598727
L1006 45 4 0.343405
L1006 45 5 0.222216
L1007 45 1 0.950703
L1007 45 2 0.730794
L1007 45 3 0.397437
L1007 45 4 0.480552
L1007 45 5 0.410287
L1008 45 1 0.938733
L1008 45 2 0.703672
L1008 45 3 0.680577
L1008 45 4 0.348303
L1008 45 5 0.354523
L1009 45 1 0.890199
L1009 45 2 0.618699
L1009 45 3 0.606732
L1009 45 4 0.639117
L1009 45 5 0.463481
L1010 45 1 0.895009
L1010 45 2 0.677985
L1010 45 3 0.424126
L1010 45 4 0.375444
L1010 45 5 0.527108
L1011 45 1 0.854892
L1011 45 2 0.775530
L1011 45 3 0.589425
L1011 45 4 0.523069
L1011 45 5 0.321031
L1012 45 1 0.856792
L1012 45 2 0.387837
L1012 45 3 0.285260
L1012 45 4 0.342578
L1012 45 5 0.349962
L1013 45 1 0.628770
L1013 45 2 0.761384
L1013 45 3 0.390854
L1013 45 4 0.540621
L1013 45 5 0.554355
L1014 45 1 0.842428
L1014 45 2 0.549328
L1014 45 3 0.556914
L1014 45 4 0.471615
L1014 45 5 0.438207
L1015 45 1 0.896905
L1015 45 2 0.744841
L1015 45 3 0.359975
L1015 45 4 0.659951
L1015 45 5 0.429116
L1016 45 1 0.895292
L1016 45 2 0.613585
L1016 45 3 0.642159
L1016 45 4 0.807151
L1016 45 5 0.585327
L1017 45 1 0.864792
L1017 45 2 0.531206
L1017 45 3 0.728025
L1017 45 4 0.388716
L1017 45 5 0.566374
