L1001 44 1 1.21851
L1001 44 2 2.20834
L1001 44 3 2.86338
L1001 44 4 1.97213
L1001 44 5 7.02028
L1002 44 1 0.763163
L1002 44 2 1.61938
L1002 44 3 8.82621
L1002 44 4 5.72036
L1002 44 5 6.72505
L1003 44 1 0.370207
L1003 44 2 2.5941
L1003 44 3 6.09335
L1003 44 4 5.13718
L1003 44 5 4.45025
L1004 44 1 2.01099
L1004 44 2 0.328306
L1004 44 3 6.94601
L1004 44 4 7.07383
L1004 44 5 5.86725
L1005 44 1 0.957119
L1005 44 2 4.49174
L1005 44 3 1.65893
L1005 44 4 2.05265
L1005 44 5 7.39878
L1006 44 1 0.507196
L1006 44 2 1.56388
L1006 44 3 2.66284
L1006 44 4 2.77969
L1006 44 5 7.60619
L1007 44 1 0.212756
L1007 44 2 2.3544
L1007 44 3 4.29296
L1007 44 4 2.76075
L1007 44 5 5.59175
L1008 44 1 0.389006
L1008 44 2 2.36643
L1008 44 3 4.24865
L1008 44 4 7.02631
L1008 44 5 5.36002
L1009 44 1 0.177598
L1009 44 2 3.02217
L1009 44 3 6.31575
L1009 44 4 5.19478
L1009 44 5 5.31937
L1010 44 1 0.444871
L1010 44 2 3.24301
L1010 44 3 4.72948
L1010 44 4 9.54672
L1010 44 5 6.81429
L1011 44 1 0.493863
L1011 44 2 1.81262
L1011 44 3 4.13156
L1011 44 4 2.11759
L1011 44 5 8.11858
L1012 44 1 0.451666
L1012 44 2 1.79675
L1012 44 3 7.85842
L1012 44 4 7.32212
L1012 44 5 7.96791
L1013 44 1 0.824767
L1013 44 2 4.76609
L1013 44 3 3.43669
L1013 44 4 6.96849
L1013 44 5 3.5684
L1014 44 1 0.754542
L1014 44 2 2.45877
L1014 44 3 3.95907
L1014 44 4 4.19266
L1014 44 5 6.34339
L1015 44 1 0.26612
L1015 44 2 1.58209
L1015 44 3 5.41083
L1015 44 4 7.63304
L1015 44 5 3.05225
L1016 44 1 0.489774
L1016 44 2 8.39417
L1016 44 3 7.88444
L1016 44 4 7.58737
L1016 44 5 7.48496
L1017 44 1 1.06673
L1017 44 2 7.18921
L1017 44 3 2.21796
L1017 44 4 2.55081
L1017 44 5 4.1543
