L1001 44 1 0.750953
L1001 44 2 0.716671
L1001 44 3 0.467261
L1001 44 4 0.520024
L1001 44 5 0.225859
L1002 44 1 0.829192
L1002 44 2 0.674055
L1002 44 3 0.285149
L1002 44 4 0.363919
L1002 44 5 0.276431
L1003 44 1 0.914362
L1003 44 2 0.696136
L1003 44 3 0.429521
L1003 44 4 0.414594
L1003 44 5 0.461958
L1004 44 1 0.789380
L1004 44 2 0.922377
L1004 44 3 0.357983
L1004 44 4 0.377078
L1004 44 5 0.304738
L1005 44 1 0.738181
L1005 44 2 0.325009
L1005 44 3 0.735911
L1005 44 4 0.537500
L1005 44 5 0.304635
L1006 44 1 0.827586
L1006 44 2 0.724308
L1006 44 3 0.719000
L1006 44 4 0.625386
L1006 44 5 0.267462
L1007 44 1 0.953583
L1007 44 2 0.747867
L1007 44 3 0.477612
L1007 44 4 0.448812
L1007 44 5 0.456858
L1008 44 1 0.894873
L1008 44 2 0.701773
L1008 44 3 0.478977
L1008 44 4 0.337026
L1008 44 5 0.486792
L1009 44 1 0.959843
L1009 44 2 0.636672
L1009 44 3 0.311809
L1009 44 4 0.360527
L1009 44 5 0.517273
L1010 44 1 0.862768
L1010 44 2 0.693252
L1010 44 3 0.251312
L1010 44 4 0.040811
L1010 44 5 0.199328
L1011 44 1 0.846704
L1011 44 2 0.743633
L1011 44 3 0.326798
L1011 44 4 0.534685
L1011 44 5 0.207162
L1012 44 1 0.858960
L1012 44 2 0.669708
L1012 44 3 0.294889
L1012 44 4 0.315364
L1012 44 5 0.333961
L1013 44 1 0.748034
L1013 44 2 0.301990
L1013 44 3 0.370384
L1013 44 4 0.207820
L1013 44 5 0.556047
L1014 44 1 0.750413
L1014 44 2 0.539396
L1014 44 3 0.386490
L1014 44 4 0.289048
L1014 44 5 0.473228
L1015 44 1 0.932664
L1015 44 2 0.765277
L1015 44 3 0.378910
L1015 44 4 0.347040
L1015 44 5 0.632196
L1016 44 1 0.838589
L1016 44 2 0.173627
L1016 44 3 0.235305
L1016 44 4 0.469278
L1016 44 5 0.169799
L1017 44 1 0.703155
L1017 44 2 0.280734
L1017 44 3 0.474866
L1017 44 4 0.745092
L1017 44 5 0.325751
